0.0007056 1.5900 0.0004878 1.5728
0.001915 1.4810 0.001425 1.4745
0.004115 1.3905 0.003450 1.3797
0.007535 1.3155 0.006691 1.2895
0.01217 1.2571 0.01129 1.2156
0.01772 1.2140 0.01731 1.1617
0.02386 1.1825 0.02455 1.1216
0.03041 1.1586 0.03266 1.0901
0.03738 1.1396 0.04126 1.0646
0.04481 1.1233 0.05008 1.0440
0.05282 1.1086 0.05899 1.0273
0.06146 1.0949 0.06797 1.0137
0.07078 1.0818 0.07708 1.0025
0.08084 1.0691 0.08642 0.9930
0.09164 1.0568 0.09611 0.9847
0.1032 1.0447 0.1063 0.9771
0.1155 1.0329 0.1170 0.9700
0.1286 1.0214 0.1284 0.9630
0.1425 1.0101 0.1404 0.9561
0.1571 0.9991 0.1533 0.9491
0.1724 0.9884 0.1669 0.9421
0.1884 0.9780 0.1813 0.9349
0.2051 0.9679 0.1964 0.9277
0.2224 0.9580 0.2124 0.9203
0.2403 0.9485 0.2291 0.9129
0.2588 0.9392 0.2465 0.9055
0.2778 0.9302 0.2646 0.8981
0.2972 0.9214 0.2833 0.8907
0.3171 0.9129 0.3026 0.8834
0.3374 0.9047 0.3224 0.8761
0.3580 0.8967 0.3427 0.8690
0.3789 0.8890 0.3633 0.8621
0.4001 0.8816 0.3844 0.8552
0.4215 0.8743 0.4058 0.8486
0.4431 0.8673 0.4274 0.8421
0.4647 0.8605 0.4492 0.8357
0.4865 0.8539 0.4712 0.8296
0.5084 0.8476 0.4932 0.8236
0.5302 0.8414 0.5153 0.8179
0.5521 0.8355 0.5375 0.8123
0.5738 0.8297 0.5596 0.8069
0.5956 0.8241 0.5817 0.8017
0.6172 0.8187 0.6037 0.7967
0.6386 0.8134 0.6255 0.7918
0.6600 0.8084 0.6472 0.7871
0.6811 0.8034 0.6687 0.7826
0.7020 0.7987 0.6901 0.7783
0.7228 0.7941 0.7112 0.7741
0.7433 0.7896 0.7321 0.7700
0.7635 0.7853 0.7527 0.7661
0.7835 0.7811 0.7730 0.7623
0.8032 0.7771 0.7931 0.7587
0.8226 0.7731 0.8129 0.7552
0.8418 0.7693 0.8324 0.7518
0.8606 0.7656 0.8515 0.7486
0.8791 0.7621 0.8704 0.7454
0.8974 0.7586 0.8889 0.7424
0.9153 0.7552 0.9071 0.7395
0.9328 0.7520 0.9250 0.7366
0.9501 0.7488 0,9425 0.7339
0.9670 0.7458 0,9598 0.7313
0.9836 0.7428 0,9767 0.7287
0.9999 0.7400 0,9932 0.7262
1.0159 0.7372 1.0094 0.7238
1.0315 0.7345 1.0253 0.7215
1.0468 0.7318 1.0409 0.7193
1.0618 0.7293 1.0561 0.7171
1.0764 0.7268 1.0711 0.7150
1.0908 0.7244 1.0857 0.7130
1.1048 0.7221 1.1000 0.7110
1.1185 0.7199 1.1139 0.7091
1.1320 0.7177 1.1276 0.7073
1.1451 0.7156 1.1410 0.7055
1.1579 0.7135 1.1541 0.7038
1.1704 0.7115 1.1668 0.7021
1.1827 0.7096 1.1793 0.7004
1.1946 0.7077 1.1915 0.6988
1.2063 0.7058 1.2034 0.6973
1.2177 0.7040 1.2151 0.6958
1.2289 0.7023 1.2265 0.6943
1.2398 0.7006 1.2376 0.6929
1.2504 0.6990 1.2484 0.6915
1.2607 0.6974 1.2590 0.6902
1.2708 0.6959 1.2694 0.6889
1.2807 0.6944 1.2795 0.6876
1.2903 0.6929 1.2893 0.6864
1.2997 0.6915 1.2989 0.6852
1.3089 0.6901 1.3083 0.6840
1.3179 0.6888 1.3175 0.6828
1.3266 0.6875 1.3265 0.6817
1.3351 0.6862 1.3352 0.6806
1.3434 0.6850 1.3437 0.6796
1.3515 0.6838 1.3520 0.6785
1.3594 0.6826 1.3601 0.6775
1.3671 0.6815 1.3680 0.6765
